0 77
1 46
1 50
1 211
2 105
2 78
2 138
3 234
3 170
4 73
4 130
5 154
6 217
6 53
7 56
7 34
7 65
8 188
9 85
10 78
11 52
11 32
12 215
12 187
12 227
13 24
13 141
13 125
14 134
15 94
15 199
16 203
17 219
17 214
18 240
18 109
19 236
19 225
20 83
20 165
21 199
21 32
22 225
22 139
23 105
24 253
24 113
25 129
25 240
26 191
27 69
28 220
29 218
29 138
30 205
31 175
31 177
31 96
32 170
33 68
33 250
34 44
34 166
35 199
36 122
37 81
37 230
38 245
39 48
40 131
41 114
42 222
42 225
43 87
43 118
44 250
45 165
46 185
47 159
48 154
49 174
49 145
51 203
52 69
52 146
54 245
55 198
55 237
56 207
56 121
56 98
57 250
58 242
58 132
59 75
59 114
60 63
61 181
61 213
61 148
62 76
63 176
64 129
64 242
64 97
66 190
66 123
67 141
67 167
69 100
69 101
70 97
71 136
71 92
72 132
72 245
72 160
73 176
73 132
74 129
74 179
75 97
75 135
75 107
76 238
76 93
76 253
76 237
77 198
78 155
79 188
79 141
80 255
80 201
80 103
81 122
82 242
82 220
83 84
85 97
85 149
86 90
87 140
88 212
89 205
90 138
90 217
91 141
94 154
94 201
94 200
95 218
99 167
102 248
104 244
104 179
105 144
106 209
106 187
107 229
107 196
108 193
110 174
111 131
112 203
114 122
114 165
114 228
115 150
115 120
115 211
116 128
117 224
118 206
119 172
119 189
120 229
122 131
123 251
124 137
126 164
127 244
128 238
132 223
132 243
132 197
132 192
133 252
134 237
136 254
137 192
138 222
142 161
143 242
144 188
146 191
147 204
147 165
151 181
151 187
152 185
153 250
153 235
154 249
156 184
157 209
158 198
159 224
159 219
161 203
161 218
161 233
162 196
162 221
163 223
164 241
167 231
168 184
168 211
168 216
169 205
169 240
171 223
171 222
173 227
174 237
177 204
178 253
179 194
180 210
182 241
182 240
183 218
186 240
189 235
190 207
191 212
191 195
193 208
194 202
199 247
203 210
206 238
208 222
209 247
214 232
219 246
221 235
224 253
225 239
226 244
235 248
235 252
240 249
241 254
