0 87
0 6
0 165
1 163
2 75
2 198
3 238
3 219
4 134
4 241
5 60
5 22
5 169
5 255
6 91
6 84
7 120
7 101
8 133
8 210
8 232
9 55
10 35
10 185
11 151
12 20
13 41
14 153
15 40
16 216
16 97
16 171
17 246
17 54
18 156
19 245
20 179
20 247
21 62
23 234
24 226
24 230
24 117
25 81
25 48
26 76
26 118
27 207
27 205
28 62
28 213
29 130
29 62
30 95
31 206
31 99
31 136
31 167
32 103
32 154
33 238
34 238
36 64
36 183
37 111
38 100
38 80
39 85
39 248
40 209
40 242
41 253
42 201
42 148
42 159
42 197
43 82
44 106
44 147
45 209
45 249
46 129
46 120
46 91
47 127
48 213
49 56
49 196
50 234
50 57
50 74
51 114
51 124
51 242
51 243
52 131
52 98
53 201
53 123
54 110
55 112
56 244
57 251
57 212
57 77
58 182
58 95
58 108
59 119
59 102
59 85
59 126
61 70
63 146
63 227
64 72
64 164
65 174
65 194
66 227
66 82
67 162
67 238
68 178
69 70
69 112
70 254
71 239
71 176
71 170
73 242
74 144
75 119
76 102
76 81
76 139
77 231
77 142
78 186
79 201
81 235
82 171
83 99
84 236
86 226
86 181
87 180
87 149
87 140
88 170
88 141
88 160
88 199
89 133
89 109
90 137
90 231
92 112
93 236
94 153
95 141
96 166
96 104
98 229
99 126
100 188
100 151
103 176
103 136
103 214
104 246
104 235
105 208
106 198
107 122
107 208
109 217
109 250
111 126
111 195
112 191
112 135
112 248
113 251
114 177
114 187
115 158
115 162
116 159
117 242
119 245
120 156
121 226
121 175
122 200
123 248
123 202
124 204
124 168
125 198
127 240
127 130
128 150
129 255
129 157
130 190
131 163
132 169
132 211
133 224
133 223
134 251
134 184
138 163
138 230
138 174
140 227
141 173
143 203
143 145
143 227
150 167
151 163
152 245
153 231
154 220
155 204
155 222
161 180
163 252
165 185
167 236
167 192
172 223
174 189
175 179
178 241
179 186
180 228
180 221
183 195
192 217
193 236
195 253
196 223
196 237
197 218
205 219
208 224
210 242
210 212
215 231
219 236
221 225
233 251
