0 20
1 156
1 64
1 176
2 52
2 254
3 183
3 112
3 177
4 159
5 243
5 114
5 159
6 98
7 34
7 55
8 113
8 220
8 39
8 146
9 102
9 219
9 16
9 106
10 68
11 70
11 104
12 148
12 30
13 88
13 87
14 183
14 164
15 119
16 176
17 152
17 183
18 107
18 91
18 59
18 42
18 110
19 251
20 160
21 59
22 172
23 81
23 99
24 78
25 188
26 128
26 104
26 66
26 45
26 133
27 208
28 119
29 255
30 193
30 44
30 139
31 174
31 77
31 100
32 73
32 246
33 66
33 228
34 72
35 73
35 213
35 237
36 165
36 241
37 55
38 223
40 172
40 89
40 131
41 234
41 210
42 236
43 252
44 160
45 130
46 146
47 226
47 119
48 133
49 141
50 124
50 83
51 58
53 184
53 253
54 216
56 77
57 59
57 98
58 187
59 231
60 157
61 141
61 204
62 90
63 251
64 132
64 115
65 248
65 217
67 87
67 178
67 129
68 213
68 252
69 186
71 248
71 108
72 238
72 127
72 135
73 244
74 124
74 168
75 123
76 103
77 135
78 208
79 128
79 121
79 236
80 122
80 227
81 221
82 215
84 126
84 254
85 235
86 147
86 139
87 245
88 237
88 141
88 194
90 147
90 144
92 209
93 239
93 165
94 195
94 152
95 200
95 180
96 228
97 113
98 191
98 153
99 250
101 192
101 162
101 171
102 151
103 150
105 187
105 176
106 143
107 222
109 171
110 239
111 114
112 131
113 249
114 150
114 205
116 170
116 166
117 174
117 205
117 197
118 167
118 197
118 200
119 235
120 233
121 169
122 125
122 254
123 247
124 162
124 170
134 149
134 141
135 250
136 162
137 224
138 151
140 213
142 219
143 218
145 238
148 224
150 255
154 221
155 166
156 212
157 206
158 210
160 217
160 186
161 243
163 245
165 199
166 232
167 211
169 203
170 214
170 175
173 226
174 239
176 214
177 205
179 188
181 239
182 241
183 223
183 220
184 251
184 235
184 190
184 247
185 198
185 247
188 239
189 230
189 194
195 201
196 243
197 207
202 235
205 214
206 234
208 226
209 251
210 231
212 237
215 229
215 217
216 249
217 240
220 247
224 233
225 239
242 245
243 248
248 254
