0 122
1 62
1 91
1 28
1 67
1 50
2 240
3 100
4 80
4 184
5 129
5 81
5 255
6 79
6 190
7 54
7 232
7 252
7 165
8 219
9 144
9 223
10 189
10 247
11 120
11 70
12 221
12 233
12 109
12 84
13 63
13 213
14 74
14 192
15 92
15 247
15 172
15 131
16 219
16 69
16 249
17 202
18 177
19 205
19 166
20 162
20 232
20 181
21 233
21 171
22 36
22 168
22 121
22 63
23 87
23 44
24 251
25 203
26 71
27 184
27 246
27 230
28 183
28 138
29 145
29 164
30 250
30 144
31 207
32 106
32 241
32 174
33 178
33 122
33 36
34 238
35 81
36 73
36 164
37 138
38 48
38 208
38 115
39 215
40 170
40 114
41 79
42 148
42 118
42 43
43 49
43 196
44 158
45 187
46 238
46 83
46 94
47 76
48 137
48 227
50 218
51 78
52 231
52 160
53 209
54 228
54 56
55 133
55 87
57 106
57 88
57 191
58 135
59 156
59 253
60 65
61 214
61 235
62 187
64 134
64 74
64 71
65 66
65 243
66 74
66 83
68 242
69 194
69 93
69 107
71 108
71 149
71 147
72 124
72 250
73 159
74 112
75 210
76 165
76 116
77 253
78 208
79 193
79 177
80 160
80 204
81 233
82 199
82 251
85 229
85 99
86 224
86 135
87 250
87 166
87 193
89 170
90 221
90 151
91 128
91 202
92 210
94 239
95 225
96 129
97 170
98 202
99 125
100 126
101 161
101 219
102 187
103 234
103 140
104 125
105 146
105 247
105 245
105 157
106 212
108 114
110 252
111 153
113 140
114 173
114 129
114 207
117 127
117 188
117 194
118 136
118 175
119 233
120 135
120 198
121 235
123 211
124 150
125 212
126 146
127 148
128 240
130 159
131 195
132 167
133 179
134 240
135 231
135 250
135 174
135 187
136 155
137 197
137 153
139 144
140 144
140 248
141 225
142 208
143 231
146 237
147 242
147 180
149 236
152 200
154 185
155 176
163 181
167 188
167 200
169 215
170 215
170 216
172 173
173 182
173 244
178 188
178 243
185 228
186 194
193 201
195 222
196 226
199 215
200 209
203 238
206 207
207 208
211 232
217 244
220 233
225 253
228 245
238 254
239 253
