51858
25929
77788
38894
19447
58342
29171
87514
43757
131272
65636
32818
16409
49228
24614
12307
36922
18461
55384
27692
13846
6923
20770
10385
31156
15578
7789
23368
11684
5842
2921
8764
4382
2191
6574
3287
9862
4931
14794
7397
22192
11096
5548
2774
1387
4162
2081
6244
3122
1561
4684
2342
1171
3514
1757
5272
2636
1318
659
1978
989
2968
1484
742
371
1114
557
1672
836
418
209
628
314
157
472
236
118
59
178
89
268
134
67
202
101
304
152
76
38
19
58
29
88
44
22
11
34
17
52
26
13
40
20
10
5
16
8
4
2
1
