0 3
0 43
0 94
0 56
0 133
0 179
0 165
0 63
0 80
0 110
1 6
1 172
1 179
1 16
1 227
1 87
1 121
1 11
2 65
2 203
2 25
2 211
2 91
2 152
2 47
2 24
2 142
3 92
3 148
3 250
4 53
4 87
4 155
4 183
4 191
4 142
4 135
4 146
4 23
4 233
4 140
4 44
4 42
5 188
5 23
5 137
5 231
6 168
6 183
6 45
6 70
6 113
6 160
7 53
7 160
7 136
7 148
7 161
7 245
8 232
8 61
8 123
8 92
8 247
9 103
9 126
9 166
9 232
9 74
10 200
10 105
10 12
10 212
10 238
10 248
10 14
10 216
10 213
11 165
11 245
11 24
11 143
11 247
11 242
11 95
11 185
11 21
11 22
12 243
12 217
12 145
12 55
12 154
12 64
12 245
12 60
12 50
12 201
12 40
12 135
13 230
13 135
14 134
14 24
14 40
14 244
14 106
14 189
14 143
14 78
14 102
14 199
14 215
14 76
14 248
14 21
15 244
15 67
15 26
15 50
15 209
15 218
15 22
16 175
16 19
16 205
16 195
17 48
17 237
17 252
17 148
17 65
17 239
17 24
17 154
17 53
17 31
17 217
18 100
18 37
18 56
18 235
18 176
18 189
18 71
18 55
18 195
19 195
19 239
19 57
19 131
19 148
19 211
19 136
20 89
20 232
20 215
20 214
20 55
21 208
21 131
21 198
21 181
21 101
22 109
22 152
22 182
22 140
22 153
22 155
22 142
22 25
23 41
23 135
23 191
23 37
23 209
23 130
23 224
23 199
23 136
23 182
24 27
24 38
24 99
24 106
24 231
24 195
24 95
24 252
24 37
24 213
24 236
24 104
24 218
24 215
24 144
24 125
25 186
25 124
25 127
25 70
25 234
25 128
25 219
25 233
25 155
25 144
26 58
26 234
26 168
26 125
26 91
26 94
26 99
26 227
26 184
26 152
27 227
27 189
27 175
27 161
27 76
27 78
27 143
27 62
27 58
28 49
28 64
28 71
29 226
29 176
29 188
29 83
30 77
30 131
30 184
30 119
30 43
30 79
30 46
30 100
30 44
30 122
31 177
31 137
31 213
31 71
31 221
31 227
31 60
31 184
31 234
31 192
31 185
31 66
31 58
32 175
32 201
32 245
32 63
32 211
32 208
32 221
33 87
33 57
33 41
33 80
33 234
33 76
33 146
33 174
33 98
33 72
33 182
33 125
33 228
34 199
34 202
34 133
34 150
34 136
34 172
34 135
34 245
35 83
35 111
35 230
35 169
35 101
35 140
35 115
35 110
35 79
35 102
36 99
36 87
36 150
36 157
36 252
36 105
37 42
37 214
37 75
37 138
37 53
37 202
37 133
37 69
38 230
38 157
38 254
38 234
38 184
39 249
39 142
39 43
39 173
39 229
39 196
39 89
40 106
40 166
40 174
40 208
40 138
40 83
40 212
41 122
41 244
41 75
41 179
41 175
42 55
42 119
42 134
42 52
42 130
42 194
42 213
42 100
43 251
43 170
43 201
43 77
43 240
43 51
44 165
44 69
44 150
44 196
45 89
45 100
45 225
45 165
45 184
45 218
45 49
46 92
46 205
46 217
46 137
46 154
46 133
46 145
46 223
46 124
46 85
47 106
47 125
48 140
48 51
48 59
49 174
49 180
49 150
49 68
49 56
49 115
49 124
49 89
49 196
49 201
49 183
49 165
50 151
50 160
50 221
50 169
51 215
51 227
51 127
51 132
51 219
52 212
52 78
52 255
52 112
52 219
52 151
53 95
53 198
53 116
53 78
53 212
53 235
53 211
54 125
54 59
54 207
54 222
55 211
55 123
55 194
55 122
55 157
55 219
56 201
56 68
56 133
56 64
56 205
57 146
57 201
58 94
58 130
58 76
58 185
58 142
59 96
59 149
59 210
59 66
59 234
60 154
60 65
60 188
60 90
61 94
61 231
61 235
61 74
62 156
62 197
62 218
62 179
62 222
62 92
62 148
62 133
63 100
63 163
63 81
64 224
64 65
64 235
64 249
65 154
65 152
65 77
65 125
65 68
66 184
66 112
66 202
66 85
66 86
66 102
66 80
66 129
67 239
67 97
67 249
67 100
67 226
67 157
67 219
67 120
67 86
67 159
68 165
68 141
68 113
69 136
69 227
69 175
69 171
69 124
70 246
70 107
70 132
70 113
70 205
70 172
70 151
70 120
70 250
71 113
71 83
71 213
71 220
72 238
72 156
72 99
72 90
73 211
73 176
74 107
74 136
74 104
74 81
74 142
74 125
74 205
75 179
75 102
75 84
75 205
75 129
76 112
76 108
77 204
77 178
77 206
77 254
77 89
77 83
78 196
78 130
78 171
78 222
78 238
78 173
79 97
79 248
79 224
79 191
79 139
79 219
80 134
80 190
80 248
80 174
80 94
81 187
81 216
81 150
81 212
81 116
81 128
81 129
81 220
81 101
81 109
82 251
82 127
82 253
82 196
82 194
83 247
83 215
83 134
83 248
83 239
83 244
84 167
84 246
84 123
84 207
84 125
84 122
84 114
84 156
85 221
85 181
85 100
86 153
87 119
87 114
87 124
87 122
87 216
88 141
88 161
88 218
88 203
88 89
88 193
89 182
89 147
89 235
89 161
90 206
90 111
90 200
90 184
90 119
90 234
91 98
91 198
91 224
91 243
92 102
92 129
92 190
92 117
92 111
92 159
92 118
93 209
93 210
93 215
93 245
93 207
93 241
93 230
94 152
94 162
94 117
94 121
95 218
95 174
95 102
95 132
95 209
96 202
96 224
96 103
96 129
97 107
97 164
97 190
97 167
97 124
97 122
98 241
98 130
98 175
98 196
99 177
99 241
99 135
99 142
99 185
100 240
100 104
100 154
100 155
100 253
101 199
102 231
102 144
102 153
102 207
102 215
102 106
103 222
103 143
103 209
103 180
103 117
103 176
104 182
104 153
104 224
104 254
104 249
105 251
105 163
105 187
105 225
105 145
106 203
106 188
106 202
106 194
106 138
106 178
107 136
107 219
107 169
107 113
107 218
107 191
108 170
108 190
108 123
109 110
109 125
109 218
109 150
109 124
109 246
109 159
109 197
109 252
110 193
110 240
110 182
110 199
110 162
111 198
111 151
111 250
111 244
111 115
111 180
111 200
111 178
111 204
113 216
113 143
113 201
114 238
114 118
114 230
115 219
115 221
115 246
115 247
115 145
115 186
116 126
116 125
116 165
116 147
117 228
117 255
118 186
118 143
118 119
119 226
119 166
120 219
120 174
120 127
120 166
120 213
120 245
122 214
122 177
122 255
123 168
123 167
123 254
124 156
124 246
124 155
124 175
125 127
125 141
125 191
125 209
125 163
126 221
126 209
126 149
126 170
126 182
126 163
126 226
126 191
127 231
127 229
127 226
127 209
128 188
128 184
128 217
128 139
128 229
129 134
130 238
130 135
130 209
131 249
131 164
131 222
131 207
132 155
132 220
133 185
133 195
133 156
134 238
134 223
134 210
134 184
134 219
134 246
135 207
135 227
135 182
135 145
136 156
136 155
136 237
136 212
136 239
136 176
137 181
137 255
137 175
137 149
138 184
138 217
139 245
139 213
139 156
139 175
139 166
139 189
140 162
140 147
141 217
141 142
142 220
143 195
143 188
143 185
143 229
144 238
144 247
144 145
144 149
145 207
145 208
145 253
146 253
146 227
146 164
147 175
147 223
147 191
147 195
147 200
147 167
148 182
148 195
149 236
149 152
150 191
150 174
150 200
150 154
151 195
151 221
151 215
151 177
152 180
152 166
152 182
152 223
153 249
153 181
153 169
153 155
154 170
154 203
154 239
154 242
155 248
155 209
155 222
156 245
156 183
157 233
157 222
157 242
157 236
158 189
158 179
158 204
158 205
158 220
158 178
158 185
159 181
159 226
159 231
159 187
159 168
160 227
161 180
161 166
162 190
162 222
162 202
163 184
163 172
164 228
164 165
164 217
164 193
164 232
165 213
165 246
166 196
166 228
166 220
166 185
167 209
167 236
167 170
168 173
168 222
169 225
169 180
170 240
170 172
170 218
170 239
170 236
171 255
172 182
172 176
174 223
174 207
175 208
176 237
176 241
176 216
176 244
177 251
177 200
179 224
179 198
179 195
180 192
180 243
180 239
180 183
180 208
181 189
182 191
182 255
182 217
182 254
183 219
183 252
183 232
184 224
184 247
185 244
185 199
185 245
185 208
186 235
186 227
187 227
187 193
187 206
188 225
188 255
188 245
189 209
189 238
190 215
190 246
191 222
192 230
192 204
192 215
194 214
194 224
194 255
194 229
195 244
195 207
195 219
196 245
196 204
197 220
198 253
198 233
200 254
201 217
202 226
204 206
204 212
204 230
205 211
205 241
206 207
207 248
207 247
208 223
209 247
209 255
210 213
210 224
210 254
211 229
211 223
212 224
213 220
214 235
214 246
215 241
215 226
217 250
217 218
217 232
218 224
219 245
219 221
219 224
219 252
220 221
221 239
222 227
222 242
224 225
224 228
224 247
227 242
227 233
227 244
235 240
235 254
238 240
241 246
244 254
247 251
