0 79
0 174
0 7
0 15
0 234
0 163
0 117
0 29
0 216
0 106
0 126
0 77
1 121
1 80
1 163
1 224
1 12
1 91
1 135
1 35
2 235
2 24
2 219
2 134
2 95
2 68
2 140
2 203
2 19
2 162
3 195
3 40
3 238
3 154
4 68
4 101
4 43
4 207
4 146
4 78
4 220
4 30
4 224
4 234
4 76
4 29
4 79
4 39
4 253
4 106
5 6
5 45
5 106
5 70
6 52
6 231
6 49
6 197
6 80
6 86
6 131
6 68
6 250
6 180
6 132
7 145
7 188
7 85
7 66
7 155
7 55
7 127
8 12
8 146
8 157
8 101
8 43
9 111
9 100
9 196
9 97
9 185
9 151
9 254
9 115
9 75
9 68
10 60
10 240
10 208
10 67
10 53
10 97
10 11
10 172
10 16
11 73
11 189
11 68
11 239
11 188
11 149
12 203
12 212
12 243
12 109
12 64
12 167
12 67
12 34
13 193
13 212
13 220
13 106
13 170
13 216
13 47
13 78
13 102
13 142
13 30
14 175
15 242
15 123
15 56
15 197
15 47
15 51
16 206
16 126
16 43
16 24
17 71
17 192
17 156
17 130
17 31
17 40
17 117
17 200
17 53
17 171
17 79
17 139
17 123
17 93
18 66
18 158
18 155
18 110
18 168
18 160
18 68
18 91
19 63
19 48
19 146
19 172
19 102
19 183
19 218
19 107
20 206
20 132
20 45
20 251
20 69
20 241
20 129
20 23
20 239
20 223
20 56
20 60
21 76
21 137
21 99
21 107
21 52
21 160
22 249
22 252
22 166
22 128
22 198
22 176
22 124
22 56
22 49
22 41
22 134
22 82
22 194
23 142
23 235
23 206
23 121
23 45
23 238
23 115
23 245
24 91
24 159
24 154
24 236
24 250
24 38
25 170
25 242
25 149
25 248
25 216
25 246
25 98
26 122
26 234
26 224
26 69
26 255
26 241
26 218
27 226
27 33
27 243
27 175
27 45
27 151
27 164
27 84
27 170
28 251
28 115
28 202
28 126
28 37
29 51
29 183
29 124
29 253
29 61
29 255
30 171
30 61
31 164
31 224
31 38
31 95
31 111
31 64
31 81
31 41
31 200
31 229
32 187
32 154
32 131
32 73
32 192
32 45
32 78
32 151
32 77
32 177
32 141
32 43
33 83
33 224
34 199
34 218
34 241
34 220
34 148
34 128
34 175
34 244
35 127
35 223
35 224
35 176
35 249
35 67
35 181
36 70
36 49
36 117
36 114
36 157
36 71
36 186
36 84
37 158
37 73
37 171
37 127
37 101
37 246
38 206
38 230
38 245
38 144
38 96
38 158
39 51
39 147
39 188
39 183
40 120
40 246
40 143
40 126
40 207
40 100
40 59
41 56
41 65
41 230
41 244
41 197
41 51
41 170
41 131
42 173
42 123
42 181
42 97
42 214
43 154
43 186
43 44
43 90
43 165
43 123
43 95
43 184
44 213
44 150
44 117
44 59
44 67
44 208
44 143
44 236
45 82
45 154
45 208
45 246
46 154
46 153
46 101
46 180
46 74
46 67
46 100
46 209
47 110
47 166
47 194
47 80
47 160
47 183
48 135
48 152
48 144
48 188
48 163
49 99
49 234
49 180
49 129
49 204
49 103
49 196
49 131
49 104
50 253
50 230
50 157
50 201
50 180
50 52
51 183
51 223
52 223
52 208
52 171
52 89
52 114
52 135
53 123
53 138
53 166
53 107
53 88
53 72
53 181
53 177
53 211
53 217
54 232
54 163
54 130
54 179
54 141
55 220
55 203
55 67
55 80
55 154
56 182
56 183
56 106
56 193
56 235
56 236
57 151
57 245
57 81
57 87
57 200
58 109
58 161
58 102
58 177
58 59
58 248
59 60
59 140
59 205
59 249
59 139
59 86
60 153
60 190
60 149
60 215
60 168
60 193
60 79
61 73
61 203
61 169
61 235
61 231
61 69
62 238
62 69
62 197
62 110
62 161
62 130
63 88
63 65
63 91
63 206
63 220
64 232
64 167
65 122
66 168
66 116
66 114
66 73
66 176
67 213
67 208
67 189
67 95
67 157
67 159
68 166
68 169
68 149
68 117
68 93
69 205
69 182
69 193
69 74
70 103
70 74
70 144
70 75
71 116
71 254
71 188
71 135
71 246
72 147
72 188
72 145
72 221
73 111
73 87
73 204
73 236
73 219
73 133
73 253
73 173
74 207
74 94
74 179
75 227
75 184
75 82
75 126
75 161
75 77
76 248
76 127
76 224
76 229
76 145
77 215
77 120
77 237
78 162
78 233
78 199
78 201
78 205
78 142
79 148
79 217
79 193
79 190
79 174
80 253
80 215
80 103
80 250
80 136
80 184
81 217
81 143
82 235
82 222
82 181
82 224
83 156
83 86
83 158
83 211
83 171
84 190
84 97
84 140
84 219
84 160
85 203
85 217
85 152
85 135
85 174
85 247
85 122
85 158
86 153
86 164
86 200
86 177
86 221
86 94
86 206
87 193
87 143
87 183
87 118
87 249
87 104
87 127
87 161
87 207
88 247
88 192
88 144
89 134
89 235
89 95
89 164
89 140
89 202
89 93
90 172
90 200
90 128
90 110
90 235
90 139
90 201
90 100
90 125
91 161
91 96
91 204
91 255
92 186
92 234
92 160
92 246
92 138
92 217
92 223
92 155
93 115
93 143
93 103
93 153
94 224
94 95
94 249
95 215
95 204
95 136
95 239
95 176
95 155
96 150
96 208
96 224
96 160
96 122
97 255
97 194
97 210
97 133
97 110
97 177
98 119
99 133
99 231
99 178
99 115
100 127
100 251
100 248
100 191
101 198
101 231
101 204
101 169
101 135
102 141
102 138
102 226
102 216
103 160
103 208
103 170
103 144
103 133
104 233
104 165
104 209
104 115
104 240
104 176
104 238
104 158
105 133
105 250
105 136
105 205
105 247
105 203
105 129
105 121
105 212
106 217
106 136
106 248
106 235
106 178
106 174
107 159
107 114
107 180
107 144
107 122
108 198
108 125
108 192
109 116
109 151
109 135
109 111
110 135
110 132
110 152
111 130
111 158
111 134
111 213
111 171
111 189
112 174
112 235
112 114
112 123
112 169
113 155
113 217
113 177
113 192
113 237
113 248
113 255
113 250
113 205
114 231
114 202
114 209
114 219
115 208
115 205
116 220
116 215
116 127
116 166
117 151
117 223
117 214
117 241
117 202
117 246
117 215
118 232
118 119
118 235
118 170
118 175
118 169
118 159
118 188
118 137
119 128
119 150
119 137
120 243
120 132
120 124
120 202
121 165
121 192
122 147
122 180
122 165
122 133
122 209
122 168
123 175
123 131
123 173
124 250
124 159
124 177
124 220
124 217
124 173
125 238
125 159
125 232
125 207
125 160
126 172
126 167
126 179
127 180
127 234
127 169
127 137
128 244
128 213
129 243
130 147
130 186
130 239
131 222
131 202
132 252
132 205
132 193
132 241
132 186
132 188
133 252
133 158
133 212
133 253
133 187
134 254
134 159
134 194
134 234
134 195
135 204
136 235
136 150
136 165
136 215
136 233
136 219
136 195
137 224
137 167
138 254
138 218
138 171
138 169
138 233
138 196
138 183
138 190
139 253
139 249
139 216
140 192
140 255
140 251
141 239
141 175
141 178
142 180
143 242
143 226
143 159
143 210
144 154
144 208
145 235
145 231
146 213
146 243
146 162
146 167
146 180
147 188
147 165
147 199
147 221
147 167
148 241
148 193
148 188
148 149
148 238
149 239
149 158
149 248
150 165
150 252
150 214
150 168
150 248
150 185
150 156
150 183
151 161
151 199
151 164
152 228
152 245
153 189
153 230
153 249
154 244
155 224
155 187
155 236
155 184
155 223
156 216
156 189
157 248
157 207
157 187
157 168
158 172
158 248
158 253
158 208
158 215
158 185
160 203
160 177
161 164
161 219
162 164
162 214
162 182
163 229
163 238
163 254
164 208
164 165
165 201
166 255
166 172
166 247
166 194
166 188
166 186
167 231
167 199
167 252
167 171
167 235
168 181
168 184
168 179
168 209
169 246
169 242
169 244
169 211
170 180
170 247
170 196
170 224
171 204
171 180
171 185
171 243
172 195
173 241
173 221
173 204
174 246
174 245
174 221
174 222
175 190
175 180
175 236
177 217
177 225
177 235
178 253
179 180
179 242
179 197
179 210
179 224
180 213
180 233
180 240
181 187
182 228
182 241
182 204
183 189
183 216
183 222
184 194
184 230
184 191
185 209
185 255
186 219
186 217
186 241
187 226
188 203
191 230
192 245
192 195
193 230
193 209
194 199
194 228
195 206
195 238
195 248
196 232
196 217
197 233
197 229
197 204
198 250
198 233
198 242
199 215
200 255
200 212
200 246
201 233
202 242
203 248
203 240
204 241
204 223
205 213
206 214
206 236
207 223
208 220
209 218
210 234
212 226
213 218
213 214
213 221
214 234
216 233
217 254
217 232
218 220
220 230
220 240
221 255
222 251
224 227
225 226
226 253
229 230
229 246
231 243
233 255
234 252
238 240
238 243
243 255
245 246
245 254
