0 8
0 79
0 254
0 37
0 70
0 128
1 250
1 38
1 19
1 141
1 72
1 136
1 108
1 31
1 179
1 110
1 90
1 224
1 208
2 159
2 144
2 180
2 101
2 119
2 191
2 207
2 143
2 87
3 78
3 248
3 85
3 210
3 142
3 204
3 166
3 96
3 9
3 27
4 133
4 40
4 234
4 224
4 215
4 75
4 173
4 162
4 245
4 92
4 99
5 149
5 145
5 231
5 61
5 216
5 30
5 148
5 62
5 186
5 156
5 123
6 39
6 145
6 96
6 206
6 173
6 164
6 54
6 106
6 194
6 136
7 95
7 18
7 89
7 11
7 113
7 19
7 194
7 55
8 163
8 168
8 134
8 154
8 221
8 86
8 125
8 230
8 155
8 135
8 197
9 152
9 191
9 226
9 101
9 102
9 148
9 13
9 122
9 52
9 142
9 252
9 88
9 189
9 237
10 236
10 76
10 132
10 34
10 218
11 184
11 99
11 103
11 59
11 141
11 40
11 89
12 198
12 223
12 218
12 249
12 59
12 153
12 159
12 27
12 242
12 136
12 194
12 253
13 120
13 38
13 187
13 97
13 223
13 58
13 232
13 105
14 201
14 42
14 127
14 118
14 112
14 83
14 220
14 187
14 244
14 132
15 88
15 96
15 139
15 163
16 81
16 95
16 249
16 86
17 254
17 158
17 62
17 157
17 176
17 56
17 253
17 24
17 143
18 210
18 229
18 36
19 96
19 156
19 249
19 103
19 196
19 230
19 157
20 148
20 192
20 104
20 40
20 35
20 32
20 56
20 158
20 222
21 66
21 193
21 159
21 117
21 197
21 183
21 25
21 128
22 215
22 139
22 248
22 121
22 98
22 169
22 132
23 74
23 139
23 48
23 57
23 70
23 85
23 72
23 208
23 62
23 143
24 252
24 112
24 160
25 194
25 79
25 224
25 77
25 41
25 228
25 76
25 148
26 172
26 139
26 63
26 102
26 56
26 108
27 166
27 189
27 70
27 61
27 225
28 44
29 111
29 250
29 47
29 140
29 71
29 110
29 131
29 57
29 219
29 123
30 221
30 214
30 227
30 222
30 124
30 169
30 240
30 94
30 193
30 195
31 108
31 83
31 158
31 173
31 235
31 140
31 57
31 180
31 191
31 124
32 192
32 179
32 129
32 172
32 240
32 141
32 145
32 163
32 215
33 100
33 229
33 148
33 205
33 174
33 121
33 208
33 124
33 68
33 198
33 178
33 216
34 196
34 57
34 197
35 117
35 131
35 192
35 201
35 228
35 160
35 124
35 154
36 57
36 95
36 182
36 71
36 211
36 60
36 188
37 176
37 182
37 216
37 219
37 227
37 145
37 234
37 198
37 173
37 235
37 248
37 65
38 204
38 117
38 177
38 229
38 155
38 98
38 200
38 243
39 44
39 203
39 57
39 207
39 241
39 60
39 225
39 140
40 175
40 227
40 111
40 145
40 85
41 172
41 203
41 204
41 111
41 211
41 55
41 84
41 237
41 54
41 71
42 220
42 77
42 129
42 55
43 163
43 123
43 189
43 238
43 226
43 98
43 58
44 126
44 132
44 195
44 64
45 51
45 124
45 249
45 86
45 168
45 180
45 75
45 146
45 208
46 221
46 115
46 233
46 191
46 68
46 171
46 51
46 206
46 64
47 78
47 141
47 164
47 71
47 183
47 197
48 127
48 139
48 95
48 103
48 223
49 78
49 76
49 202
49 243
49 115
49 211
49 61
50 246
50 67
50 224
50 53
50 242
51 234
51 144
51 221
51 88
51 182
51 247
52 231
52 102
52 230
52 244
52 186
52 157
53 61
53 132
53 198
53 205
54 252
54 241
55 182
55 139
55 104
55 106
55 92
55 79
55 132
55 202
56 65
56 191
56 95
56 92
56 231
56 130
56 221
56 113
56 119
57 237
57 96
57 69
57 227
58 101
58 191
59 86
59 106
59 189
59 215
59 211
59 231
60 106
60 196
60 102
60 70
60 229
61 94
61 249
61 119
61 160
61 165
61 103
61 124
61 199
62 246
63 98
63 209
63 69
63 80
64 107
64 209
64 84
64 189
64 138
64 152
64 155
64 145
65 218
65 211
65 191
65 101
65 104
65 228
65 224
65 239
65 168
65 182
65 141
66 148
66 117
66 199
66 100
66 99
67 246
67 172
67 140
67 161
67 252
68 163
68 162
68 233
68 206
68 142
68 82
68 148
68 107
69 78
69 210
69 73
69 239
69 127
69 217
70 75
71 200
71 247
71 182
71 194
72 236
72 231
72 248
72 81
72 234
72 202
72 229
72 88
73 161
73 132
74 131
74 170
74 166
74 223
74 216
74 231
74 187
75 218
75 135
75 108
75 109
75 104
75 192
76 169
76 120
76 95
76 104
77 113
77 207
77 164
77 111
77 84
77 94
78 204
78 201
78 186
78 249
78 166
78 224
79 211
79 221
79 135
80 114
80 241
81 189
81 174
81 117
81 204
81 173
81 146
81 142
81 229
81 160
82 87
82 245
82 202
82 252
83 174
83 124
83 145
83 231
83 170
84 174
84 145
84 150
84 179
84 168
85 241
85 193
85 188
85 89
85 168
86 95
86 253
86 228
86 172
86 122
87 254
87 196
87 155
87 203
87 98
88 152
88 125
88 135
88 219
88 171
88 115
89 98
90 255
90 191
90 105
91 197
91 92
91 156
91 104
91 170
91 228
92 104
92 241
92 155
92 118
93 226
93 198
93 164
93 115
93 160
93 245
93 133
93 235
93 106
93 111
93 136
93 124
94 152
94 222
94 158
95 173
96 101
96 175
96 182
96 116
96 136
97 111
97 236
97 132
97 107
98 184
98 225
98 172
98 195
98 196
98 115
99 214
99 203
99 100
99 125
99 240
100 142
100 191
100 216
101 170
101 180
101 232
101 109
101 217
101 172
101 203
101 245
102 151
102 210
102 245
102 154
102 168
102 220
102 133
103 216
104 168
104 235
104 177
104 106
105 195
106 130
106 229
106 141
106 180
107 191
107 253
107 206
107 231
107 164
108 147
108 204
108 196
108 122
109 152
109 165
109 116
110 204
110 208
110 190
111 215
111 174
111 226
111 222
111 144
111 149
112 173
112 215
112 203
112 134
112 145
112 201
113 159
113 162
113 206
114 128
114 181
114 151
115 231
116 178
116 177
116 153
116 158
116 126
116 117
116 204
117 232
117 171
117 125
118 196
118 253
118 251
118 165
118 124
118 156
118 235
119 223
119 148
119 150
119 216
119 244
120 229
120 217
120 224
120 196
121 224
121 247
121 199
121 204
122 228
122 161
123 135
123 203
123 141
123 250
123 158
125 156
126 140
126 183
126 250
126 231
126 180
127 162
127 141
128 141
128 159
128 185
128 228
128 235
128 206
129 150
129 201
129 179
129 231
129 237
130 237
130 154
130 247
130 220
130 172
130 167
130 219
131 242
131 197
132 252
132 200
132 156
133 206
133 195
134 179
134 181
134 219
134 225
135 146
135 196
135 163
135 244
135 214
136 229
136 227
136 171
136 180
136 253
136 194
137 254
137 220
138 193
138 149
138 231
139 189
139 193
139 186
139 172
140 160
140 187
141 158
141 231
141 209
141 166
141 229
141 186
141 202
141 143
142 148
142 204
142 163
142 206
142 229
143 230
143 212
143 220
144 198
144 255
144 208
145 187
145 186
145 205
145 166
145 200
146 212
146 172
146 181
146 150
146 223
146 231
146 153
147 204
147 166
147 154
148 171
148 223
148 230
149 249
149 251
150 195
150 210
150 155
151 214
151 198
151 178
151 230
152 204
152 253
152 178
152 173
153 216
153 253
154 184
154 241
155 251
155 174
155 247
156 240
157 166
157 243
157 235
157 165
158 179
158 191
160 228
160 222
160 236
161 228
161 178
161 177
162 173
162 208
163 199
163 217
164 181
164 174
165 189
165 208
165 192
165 250
166 174
166 219
166 187
166 186
167 182
167 231
167 171
168 211
168 204
169 251
169 175
170 216
172 218
173 244
173 183
173 199
173 217
174 235
174 250
174 208
174 223
174 241
174 185
175 207
175 178
176 185
176 226
178 244
178 226
178 220
178 185
178 190
178 214
178 180
178 189
178 196
179 183
180 196
181 201
181 185
181 245
181 234
182 242
182 226
182 203
182 200
183 231
183 213
183 232
184 228
184 255
185 238
185 218
186 223
186 218
186 220
187 213
188 235
188 217
188 228
188 253
189 207
189 193
190 222
191 246
191 215
191 195
192 193
192 250
192 221
192 253
193 243
194 249
194 217
195 217
196 244
196 242
197 220
197 202
197 204
197 215
198 247
199 241
200 230
200 253
200 254
201 214
202 231
202 234
202 249
203 243
204 222
204 243
205 231
205 230
206 219
206 214
207 235
210 215
210 214
211 250
211 236
212 250
212 245
212 227
213 221
213 255
214 243
215 246
215 248
215 238
216 233
219 240
220 251
220 237
220 250
220 225
221 241
222 233
227 240
227 237
227 236
228 233
229 244
229 233
230 250
232 247
233 244
233 253
236 246
237 238
237 246
237 241
237 244
238 243
240 255
241 250
243 251
