0 247
0 139
0 129
0 254
0 195
0 211
0 87
0 83
0 72
0 160
1 59
1 146
1 36
1 189
1 89
2 211
2 148
2 206
2 83
2 41
2 252
2 52
2 55
2 176
2 33
3 85
3 131
3 204
3 71
3 43
3 6
3 130
3 255
3 143
3 137
4 26
4 248
4 47
4 178
4 18
4 39
4 233
4 77
4 48
4 174
4 201
5 153
5 195
5 95
5 25
6 30
6 98
6 182
6 131
6 194
6 141
6 14
6 134
6 47
6 126
6 122
6 241
6 215
6 41
7 42
7 194
8 29
8 203
8 152
8 104
8 79
8 26
8 135
8 90
8 37
9 187
10 136
10 94
10 223
10 255
10 17
10 251
10 142
10 164
10 90
10 112
11 215
11 146
11 18
11 204
11 33
11 239
12 240
12 195
12 31
12 194
12 78
12 24
13 208
13 134
13 144
13 125
13 123
13 154
13 140
13 156
13 153
13 73
13 158
13 231
14 153
14 47
14 227
14 45
14 143
14 32
15 168
15 24
15 172
15 86
15 226
15 198
16 177
16 252
16 105
16 44
16 253
16 66
16 139
16 246
16 181
16 169
17 205
17 71
17 25
17 26
17 117
17 49
17 18
18 136
18 127
18 36
18 89
18 243
18 194
18 201
18 26
18 140
18 133
19 214
19 225
19 116
19 174
19 113
20 211
20 78
20 169
20 245
20 68
20 86
20 149
20 54
20 41
20 231
20 189
21 93
21 220
21 112
21 238
21 92
21 211
21 155
21 24
21 240
21 73
22 106
22 225
22 228
22 141
22 205
22 142
22 139
22 47
22 88
23 39
23 116
23 119
24 122
24 157
24 181
24 202
24 63
25 152
25 203
25 117
25 170
25 144
25 101
25 223
25 38
26 106
26 96
26 238
26 37
26 220
26 58
26 84
26 121
27 182
27 193
27 99
27 169
27 235
27 148
28 82
28 226
28 175
28 185
28 165
28 148
28 37
28 223
28 56
28 188
28 225
29 254
29 210
29 175
29 180
29 162
30 97
30 175
30 207
31 214
31 142
31 169
31 136
31 47
31 111
31 76
32 219
32 255
32 57
32 229
33 214
33 201
33 118
33 45
33 146
33 86
33 115
34 110
34 116
34 90
35 132
35 250
35 81
35 134
35 43
35 150
35 78
35 79
35 227
35 171
35 157
35 135
35 54
36 138
36 64
36 191
36 75
36 231
36 194
36 223
36 207
36 215
36 172
37 67
37 156
37 194
37 63
37 184
38 175
38 93
38 252
38 161
38 154
38 165
38 120
38 158
38 156
38 49
39 248
39 119
39 114
39 113
39 172
39 241
39 133
39 222
39 111
39 108
39 244
39 228
40 228
40 241
40 249
40 179
40 46
40 149
40 112
40 173
41 62
41 46
41 123
41 112
41 146
41 70
41 48
41 84
41 117
41 221
41 151
41 85
42 106
42 132
42 74
42 148
42 136
42 204
42 186
42 239
43 168
43 56
43 206
43 134
43 175
44 91
44 126
44 140
44 101
44 211
44 72
44 75
44 219
44 157
44 204
45 177
45 232
45 207
45 128
45 47
45 95
45 92
46 122
46 164
46 136
46 220
46 107
46 211
46 242
47 131
47 203
47 251
47 176
47 167
47 154
47 82
48 133
48 249
48 134
48 228
48 142
49 210
49 96
49 187
49 69
49 223
49 140
50 54
50 129
50 165
50 240
50 61
50 151
50 66
50 104
50 55
50 195
50 125
50 229
50 139
51 176
51 81
51 226
51 200
51 63
52 181
52 190
52 156
52 167
52 253
53 136
53 216
53 131
53 199
54 133
54 242
54 252
54 62
54 161
54 218
54 81
55 94
55 91
55 111
55 232
55 149
55 58
55 139
56 217
56 120
56 167
56 171
56 231
56 184
57 128
57 88
57 80
57 73
57 146
57 144
57 158
57 85
57 141
57 173
58 71
58 150
58 242
58 238
58 185
58 203
58 169
58 194
59 129
59 157
59 193
59 140
59 224
59 210
59 204
60 208
60 196
60 171
61 96
61 67
61 143
61 242
61 221
61 226
62 228
62 119
63 200
63 190
64 239
64 120
64 225
64 100
64 253
64 179
65 66
65 132
65 134
65 129
65 188
65 187
65 148
65 138
66 223
66 254
66 157
66 135
66 106
66 213
66 249
67 84
67 251
67 171
67 124
67 254
68 217
68 238
68 241
68 150
68 202
68 93
69 242
69 181
69 105
69 252
69 175
69 75
69 190
69 225
69 126
69 133
70 159
70 244
70 209
70 215
70 147
71 209
71 243
71 110
71 88
71 163
72 106
72 219
72 248
73 159
73 80
74 106
74 132
74 184
74 177
74 169
74 143
75 210
75 251
76 212
76 106
76 118
76 122
76 153
76 99
76 91
76 85
77 227
77 179
77 101
77 212
77 241
78 111
78 118
78 110
78 140
79 200
79 140
79 88
79 129
79 212
80 92
80 195
80 156
80 248
80 232
80 237
80 188
81 88
81 126
81 205
81 133
81 229
82 224
82 166
82 196
82 220
82 175
82 247
83 171
83 114
83 150
83 140
83 245
83 154
83 111
83 87
83 204
84 102
84 161
84 178
84 91
84 248
84 130
84 147
84 106
84 233
84 136
85 235
85 141
85 241
85 102
85 246
85 175
85 171
85 245
86 150
86 206
86 146
86 238
86 248
86 102
86 253
86 222
86 234
87 197
87 222
87 221
87 88
87 114
88 254
89 218
89 167
89 137
89 185
89 138
89 103
90 250
90 205
90 147
90 234
90 237
91 147
91 137
91 226
91 141
91 213
91 128
91 97
92 223
93 132
94 252
94 198
94 97
94 109
94 176
94 105
95 113
95 218
95 187
95 236
96 123
96 127
96 112
97 166
97 174
97 193
98 120
98 110
98 223
98 188
99 197
99 237
99 103
99 212
100 245
100 173
100 102
100 240
100 215
100 179
100 131
100 181
101 187
101 200
101 182
101 185
102 135
102 202
102 134
102 189
102 128
102 249
103 213
103 133
103 138
103 139
104 196
104 248
104 249
104 209
104 221
104 217
104 117
105 232
105 113
105 128
105 229
106 197
106 222
106 212
106 146
107 252
107 128
107 143
108 115
108 220
108 187
108 177
108 162
109 189
109 142
109 144
109 247
109 228
109 150
109 202
109 178
110 227
110 122
110 152
110 205
111 171
111 117
111 214
111 112
111 228
112 143
112 194
112 161
112 160
112 164
113 132
113 148
113 227
113 223
114 176
114 255
115 188
115 172
116 196
116 204
116 210
116 182
116 253
117 254
117 188
117 229
117 242
118 229
118 165
118 222
118 186
118 194
118 183
119 214
119 158
119 148
119 149
119 201
120 235
120 205
120 172
120 220
120 211
120 180
120 214
121 226
121 243
121 237
121 187
122 227
122 151
123 181
123 248
123 135
123 147
123 204
124 216
125 238
125 248
125 208
125 196
125 244
125 153
125 195
125 201
126 197
126 169
126 193
126 167
127 149
127 169
127 199
127 172
128 154
128 159
128 208
129 200
129 226
129 178
129 204
130 138
130 135
130 161
130 146
130 215
131 216
131 180
132 161
132 168
133 161
133 138
133 233
133 169
133 226
134 199
134 143
134 194
134 219
134 167
135 154
135 235
135 197
135 143
135 189
137 234
137 255
137 227
138 253
138 209
138 230
138 213
138 184
139 167
139 233
139 149
140 223
140 189
140 197
140 247
141 248
141 210
142 200
143 200
143 174
143 228
143 226
143 219
143 168
144 152
144 178
144 159
144 176
144 234
145 148
145 153
146 254
146 192
146 207
146 208
146 245
147 240
147 184
147 167
148 174
148 211
148 210
149 185
149 222
149 204
150 237
150 162
150 246
150 221
150 204
150 158
151 174
151 245
152 218
152 214
152 189
152 216
154 235
154 237
155 211
155 191
155 217
157 254
157 249
157 177
158 191
158 190
158 228
159 205
159 204
159 218
159 192
159 244
159 209
159 166
160 233
160 211
160 230
160 248
162 233
162 240
162 218
163 241
164 187
165 223
165 243
166 175
166 248
166 251
166 204
166 207
166 215
167 221
167 209
168 222
168 169
168 250
169 174
169 251
170 181
170 223
171 211
171 217
171 219
172 247
173 220
173 246
173 216
173 205
174 194
174 232
174 176
175 236
175 192
175 215
176 229
176 249
177 227
178 181
178 241
178 247
179 240
180 223
180 194
181 223
181 197
183 237
183 186
183 209
183 222
183 247
183 238
184 240
184 196
185 231
186 194
186 243
186 206
187 206
187 244
187 192
188 244
188 222
189 194
190 238
190 194
190 210
190 253
191 210
191 215
193 228
193 209
193 224
194 234
194 206
194 218
194 253
195 197
196 249
197 245
197 221
197 255
198 232
198 201
198 200
199 250
202 245
203 247
204 251
207 233
208 216
208 251
210 231
210 225
211 251
211 246
212 249
212 247
213 223
213 237
213 228
214 230
214 231
214 220
215 227
217 218
217 240
217 227
217 220
218 229
219 236
221 247
223 232
224 234
224 255
225 228
226 250
227 254
229 236
230 234
234 245
237 241
238 246
238 248
240 248
241 242
244 246
249 255
