32862
16431
49294
24647
73942
36971
110914
55457
166372
83186
41593
124780
62390
31195
93586
46793
140380
70190
35095
105286
52643
157930
78965
236896
118448
59224
29612
14806
7403
22210
11105
33316
16658
8329
24988
12494
6247
18742
9371
28114
14057
42172
21086
10543
31630
15815
47446
23723
71170
35585
106756
53378
26689
80068
40034
20017
60052
30026
15013
45040
22520
11260
5630
2815
8446
4223
12670
6335
19006
9503
28510
14255
42766
21383
64150
32075
96226
48113
144340
72170
36085
108256
54128
27064
13532
6766
3383
10150
5075
15226
7613
22840
11420
5710
2855
8566
4283
12850
6425
19276
9638
4819
14458
7229
21688
10844
5422
2711
8134
4067
12202
6101
18304
9152
4576
2288
1144
572
286
143
430
215
646
323
970
485
1456
728
364
182
91
274
137
412
206
103
310
155
466
233
700
350
175
526
263
790
395
1186
593
1780
890
445
1336
668
334
167
502
251
754
377
1132
566
283
850
425
1276
638
319
958
479
1438
719
2158
1079
3238
1619
4858
2429
7288
3644
1822
911
2734
1367
4102
2051
6154
3077
9232
4616
2308
1154
577
1732
866
433
1300
650
325
976
488
244
122
61
184
92
46
23
70
35
106
53
160
80
40
20
10
5
16
8
4
2
1
