2 63 38 29 40 18 14 60 45 
2 63 38 29 40 59 51 47 14 60 45 
2 63 25 52 40 18 14 60 45 
2 63 25 52 40 59 51 47 14 60 45 
2 63 3 57 54 11 21 46 9 25 52 40 18 14 60 45 
2 63 3 57 54 11 21 46 9 25 52 40 59 51 47 14 60 45 
6 13 61 46 9 25 52 40 18 14 60 45 53 
6 13 61 46 9 25 52 40 59 51 47 14 60 45 53 
6 13 61 21 46 9 25 52 40 18 14 60 45 53 
6 13 61 21 46 9 25 52 40 59 51 47 14 60 45 53 
6 53 
9 25 52 21 46 
9 25 52 35 61 46 
9 25 52 35 61 21 46 
9 25 52 35 46 
9 25 52 40 18 14 60 45 
9 25 52 40 18 14 60 
9 25 52 40 18 13 61 46 
9 25 52 40 18 13 61 21 46 
9 25 52 40 59 51 47 57 54 11 21 46 
9 25 52 40 59 51 47 14 60 45 
9 25 52 40 59 51 47 14 60 
38 29 40 18 14 60 45 53 
38 29 40 59 51 47 14 60 45 53 
51 47 59 
