762
1652294 1588263 2439015 1352975 1643093 2409407 2670722 2917216 609878 378171 
847035 814149 1250343 693567 842364 1235187 1369116 1495512 312660 193887 
1158962 1113940 1710792 948968 1152590 1690064 1873300 2046256 427804 265296 
1749664 1681529 2582757 1432573 1740169 2551525 2828066 3089264 645878 400569 
2363529 2271791 3488901 1935309 2350476 3446601 3820324 4173000 872428 541005 
1910993 1836828 2820894 1564766 1900433 2786690 3088862 3374008 705386 437418 
1608467 1545952 2374326 1317014 1599647 2345570 2599858 2839912 593734 368202 
822283 790344 1213806 673294 817759 1199098 1329106 1451816 303526 188226 
633682 609204 935400 518920 630094 924016 1024276 1118768 233884 145008 
1949325 1873590 2877480 1596120 1938615 2842620 3150810 3441720 719550 446220 
2628619 2526372 3880218 2152282 2614267 3833254 4248778 4641128 970318 601758 
2363529 2271791 3488901 1935309 2350476 3446601 3820324 4173000 872428 541005 
1791300 1721918 2644206 1466814 1781298 2612094 2895412 3162624 661180 409974 
925302 889190 1365882 757578 920340 1349394 1495600 1633776 341584 211866 
