352
4098360 1949220 3217760 2215780 4705260 2637040 
2283372 1085994 1792752 1234506 2621502 1469208 
2217936 1054872 1741376 1199128 2546376 1427104 
3867612 1839474 3036592 2091026 4440342 2488568 
4980024 2368548 3909984 2692452 5717484 3204336 
3323460 1580670 2609360 1796830 3815610 2138440 
3774624 1795248 2963584 2040752 4333584 2428736 
2892960 1375920 2271360 1564080 3321360 1861440 
3461220 1646190 2717520 1871310 3973770 2227080 
3178812 1511874 2495792 1718626 3649542 2045368 
3285576 1562652 2579616 1776348 3772116 2114064 
1632456 776412 1281696 882588 1874196 1050384 
