5274
370819356 377220205 402299153 447797663 505728109 368851476 
357261444 363425373 387600056 431423323 487249539 355370298 
268961018 273607891 291770410 324796265 366789467 267527462 
286611228 291555235 310901045 346110777 390848683 285074210 
120869608 122959107 131102892 145963721 164818937 120219988 
389352998 396063441 422398782 470177920 531005498 387283731 
185433127 188634649 201181954 223929888 252909393 184454155 
238168191 242276335 258356805 287611092 324789431 236891065 
268337363 272966289 291120018 324041659 365970116 266917016 
